5 0.201195 0.271194 0.400932 0.541563
2 0.6471 0.46375 0.326907 0.256284
0 0.404876 0.64674 0.181622 0.696184
0 0.0920159 0.513247 0.183734 0.50306
3 0.135318 0.589838 0.270324 0.352806
16 0.965155 0.661875 0.0689407 0.174014
0 0.869939 0.482864 0.122899 0.419543
0 0.48388 0.362432 0.0378252 0.143685
26 0.51062 0.564354 0.0673992 0.180646
2 0.499899 0.342539 0.144181 0.0834568
24 0.874651 0.382196 0.0828924 0.0974454
2 0.772318 0.347063 0.0762997 0.0516109
9 0.58203 0.168534 0.0184191 0.0670555
0 0.57418 0.324542 0.0167047 0.0476724
2 0.678677 0.331252 0.132879 0.0413193
2 0.76528 0.361759 0.0749096 0.069701
1 0.169311 0.905409 0.327008 0.182144
0 0.558895 0.324434 0.014299 0.0302001
2 0.533073 0.346941 0.0700766 0.0746039
0 0.517942 0.308197 0.0152777 0.0218131
1 0.296267 0.86692 0.560981 0.262285
0 0.546065 0.319993 0.0157034 0.0280087
9 0.735096 0.183408 0.0115387 0.030504
5 0.201195 0.271194 0.400932 0.541563
2 0.6471 0.46375 0.326907 0.256284
0 0.404876 0.64674 0.181622 0.696184
0 0.0920159 0.513247 0.183734 0.50306
3 0.135318 0.589838 0.270324 0.352806
16 0.965155 0.661875 0.0689407 0.174014
0 0.869939 0.482864 0.122899 0.419543
0 0.48388 0.362432 0.0378252 0.143685
26 0.51062 0.564354 0.0673992 0.180646
2 0.499899 0.342539 0.144181 0.0834568
24 0.874651 0.382196 0.0828924 0.0974454
2 0.772318 0.347063 0.0762997 0.0516109
9 0.58203 0.168534 0.0184191 0.0670555
0 0.57418 0.324542 0.0167047 0.0476724
2 0.678677 0.331252 0.132879 0.0413193
2 0.76528 0.361759 0.0749096 0.069701
1 0.169311 0.905409 0.327008 0.182144
0 0.558895 0.324434 0.014299 0.0302001
2 0.533073 0.346941 0.0700766 0.0746039
0 0.517942 0.308197 0.0152777 0.0218131
1 0.296267 0.86692 0.560981 0.262285
0 0.546065 0.319993 0.0157034 0.0280087
9 0.735096 0.183408 0.0115387 0.030504
