2 0.771816 0.951893 0.111264 0.095259
5 0.399998 0.600291 0.0506699 0.0735609
5 0.367832 0.578506 0.0361833 0.0750125
5 0.796248 0.63545 0.383421 0.106827
7 0.209181 0.943097 0.104655 0.110627
2 0.404034 0.64285 0.0411808 0.0569353
9 0.269614 0.502039 0.0115652 0.0430854
9 0.404034 0.50667 0.0127101 0.0419636
0 0.093715 0.805656 0.0252691 0.0910437
0 0.580972 0.880165 0.0279415 0.103157
9 0.532267 0.618898 0.0121925 0.0413595
2 0.326001 0.57 0.0208129 0.0268931
0 0.860303 0.812688 0.0190548 0.0871103
0 0.659618 0.827279 0.022783 0.0787634
0 0.219051 0.834096 0.0352229 0.0899522
0 0.667011 0.749839 0.013343 0.0733426
0 0.410122 0.799106 0.0165806 0.0889351
0 0.761555 0.838224 0.0271763 0.0966197
2 0.060256 0.554974 0.0311446 0.024902
0 0.537903 0.839242 0.0221962 0.0917043
0 0.394813 0.803856 0.0203924 0.0878694
5 0.991427 0.632573 0.0165688 0.0782474
9 0.504004 0.556016 0.00995922 0.0376954
0 0.824535 0.790575 0.017997 0.0767742
9 0.79588 0.702333 0.0157209 0.035252
2 0.341179 0.541454 0.0156986 0.0245967
9 0.199122 0.52889 0.0123976 0.0449272
1 0.449711 0.832391 0.0213187 0.057688
0 0.450689 0.803606 0.0273451 0.0957005
24 0.764053 0.820736 0.0227098 0.0447726
0 0.642361 0.75889 0.0180007 0.0721093
0 0.519196 0.806155 0.0196126 0.0953335
9 0.519578 0.57393 0.012951 0.0489435
