5 0.200685 0.273615 0.400311 0.54723
0 0.0974476 0.514429 0.19475 0.511202
2 0.646483 0.464136 0.329776 0.255277
0 0.870434 0.462696 0.124244 0.388172
0 0.417527 0.643771 0.19837 0.711169
0 0.487028 0.360186 0.032935 0.143893
16 0.965131 0.6574 0.0688759 0.180937
3 0.135646 0.558865 0.270497 0.286374
9 0.581561 0.167176 0.0184371 0.0682655
2 0.771262 0.350504 0.0863702 0.0601537
1 0.279227 0.864265 0.54939 0.270791
26 0.508124 0.55181 0.071663 0.205423
2 0.529701 0.343713 0.0684494 0.078886
1 0.171063 0.906158 0.336958 0.186962
9 0.420986 0.188212 0.0196194 0.0464899
9 0.58474 0.165337 0.0234853 0.0742599
2 0.504479 0.345613 0.126142 0.079295
3 0.182692 0.559304 0.175742 0.272124
0 0.573229 0.325434 0.0229313 0.0467578
2 0.770623 0.364263 0.0886747 0.0860569
0 0.0656649 0.60079 0.131178 0.338456
