40 0.0566352 0.523995 0.112051 0.463439
40 0.700548 0.582807 0.114306 0.550946
40 0.581562 0.603909 0.114839 0.584252
42 0.595026 0.749616 0.206567 0.148879
0 0.449938 0.145707 0.179343 0.288817
43 0.800584 0.719452 0.16012 0.189
40 0.927519 0.36669 0.0797756 0.330638
45 0.880975 0.692219 0.148475 0.168438
40 0.365799 0.779557 0.207689 0.440887
0 0.896644 0.208706 0.205688 0.416044
40 0.531864 0.51644 0.0950987 0.460226
40 0.636063 0.472369 0.0882027 0.479655
40 0.833212 0.454666 0.0943853 0.406467
0 0.0883263 0.153529 0.139139 0.263604
0 0.569988 0.0812489 0.0800794 0.160965
42 0.118361 0.978945 0.0515806 0.0421104
0 0.240643 0.147031 0.172899 0.290995
39 0.245517 0.214948 0.0655825 0.214944
40 0.773195 0.396841 0.0923589 0.426602
40 0.267941 0.451764 0.115035 0.306348
40 0.344429 0.619362 0.12737 0.479013
41 0.0192396 0.816423 0.0384533 0.236068
41 0.14645 0.714448 0.0951228 0.24412
60 0.495042 0.547256 0.988567 0.873213
0 0.653063 0.0766091 0.0596676 0.151118
40 0.139501 0.306726 0.0571987 0.217196
40 0.538854 0.205691 0.0608808 0.113574
40 0.725625 0.231354 0.0560438 0.153526
42 0.852994 0.531883 0.0386892 0.0758288
27 0.44599 0.180811 0.0491705 0.114576
75 0.416634 0.413824 0.104615 0.13775
43 0.596391 0.750797 0.208146 0.150897
0 0.320154 0.112658 0.0640948 0.152269
